const distanceMatrix = [
    [0, 96, 129, 160, 197, 297, 32, 67, 21, 88.5],
    [96, 0, 85, 80, 145, 284, 64, 96, 116, 48],
    [129, 85, 0, 63, 180, 270, 110, 70, 130, 115],
    [160, 80, 63, 0, 150, 260, 140, 95, 160, 125],
    [197, 145, 180, 150, 0, 90, 220, 210, 230, 190],
    [297, 284, 270, 260, 90, 0, 320, 290, 310, 270],
    [32, 64, 110, 140, 220, 320, 0, 40, 30, 50],
    [67, 96, 70, 95, 210, 290, 40, 0, 55, 70],
    [21, 116, 130, 160, 230, 310, 30, 55, 0, 75],
    [88.5, 48, 115, 125, 190, 270, 50, 70, 75, 0],
  ];
  
  export function ObjectiveFunction(position) {
    // Fungsi objektif sederhana: meminimalkan jarak ke (5, 5)
    return position.reduce((sum, x, i) => sum + Math.pow(x - 5, 2), 0);
}

  export { distanceMatrix };
  